4	4	inf	inf	7.02145	6.78683	4	4	
4.1	3.99904	inf	inf	7.02145	6.78683	4	4	
4.19996	4.00181	inf	inf	7.02145	6.78683	4	4	
4.29967	4.00933	inf	inf	7.02145	6.78683	4	4	
4.39872	4.02312	inf	inf	7.02145	6.78683	4	4	
4.49615	4.04565	inf	inf	7.02145	6.78683	4	4	
4.58962	4.08119	inf	inf	7.02145	6.78683	4	4	
4.67261	4.13698	inf	inf	7.02145	6.78683	4	4	
4.72916	4.21945	inf	inf	7.02145	6.78683	4	4	
4.75392	4.31634	inf	inf	7.02145	6.78683	4	4	
4.78458	4.41153	inf	inf	7.02145	6.78683	4	4	
4.80645	4.5091	inf	inf	7.02145	6.78683	4	4	
inf	inf	4	7	7.02145	6.78683	4	7	
inf	inf	4.0777	7.06295	7.02145	6.78683	4	7	
inf	inf	4.16151	7.1175	7.02145	6.78683	4	7	
inf	inf	4.25017	7.16376	7.02145	6.78683	4	7	
inf	inf	4.34258	7.20197	7.02145	6.78683	4	7	
inf	inf	4.4378	7.23251	7.02145	6.78683	4	7	
inf	inf	4.53503	7.25589	7.02145	6.78683	4	7	
inf	inf	4.6336	7.27275	7.02145	6.78683	4	7	
inf	inf	4.733	7.28372	7.02145	6.78683	4	7	
inf	inf	4.83284	7.28936	7.02145	6.78683	4	7	
inf	inf	4.93284	7.29004	7.02145	6.78683	4	7	
inf	inf	5.03274	7.28562	7.02145	6.78683	4	7	
inf	inf	5.13213	7.27458	7.02145	6.78683	4	7	
inf	inf	5.22768	7.24509	7.02145	6.78683	4	7	
4.1	3.99904	inf	inf	4.09632	0.721458	4.1	3.99904	
4.0955	3.89914	inf	inf	4.09632	0.721458	4.1	3.99904	
4.09167	3.79921	inf	inf	4.09632	0.721458	4.1	3.99904	
4.08809	3.69928	inf	inf	4.09632	0.721458	4.1	3.99904	
4.08476	3.59933	inf	inf	4.09632	0.721458	4.1	3.99904	
4.08168	3.49938	inf	inf	4.09632	0.721458	4.1	3.99904	
4.07886	3.39942	inf	inf	4.09632	0.721458	4.1	3.99904	
4.07629	3.29945	inf	inf	4.09632	0.721458	4.1	3.99904	
4.07397	3.19948	inf	inf	4.09632	0.721458	4.1	3.99904	
4.07191	3.0995	inf	inf	4.09632	0.721458	4.1	3.99904	
4.0701	2.99952	inf	inf	4.09632	0.721458	4.1	3.99904	
4.06854	2.89953	inf	inf	4.09632	0.721458	4.1	3.99904	
4.06722	2.79954	inf	inf	4.09632	0.721458	4.1	3.99904	
4.06615	2.69954	inf	inf	4.09632	0.721458	4.1	3.99904	
4.06531	2.59955	inf	inf	4.09632	0.721458	4.1	3.99904	
4.06471	2.49955	inf	inf	4.09632	0.721458	4.1	3.99904	
4.06435	2.39955	inf	inf	4.09632	0.721458	4.1	3.99904	
4.06422	2.29955	inf	inf	4.09632	0.721458	4.1	3.99904	
4.06433	2.19955	inf	inf	4.09632	0.721458	4.1	3.99904	
4.06467	2.09955	inf	inf	4.09632	0.721458	4.1	3.99904	
4.06526	1.99955	inf	inf	4.09632	0.721458	4.1	3.99904	
4.06608	1.89955	inf	inf	4.09632	0.721458	4.1	3.99904	
4.06714	1.79956	inf	inf	4.09632	0.721458	4.1	3.99904	
4.06845	1.69957	inf	inf	4.09632	0.721458	4.1	3.99904	
4.07002	1.59958	inf	inf	4.09632	0.721458	4.1	3.99904	
4.07185	1.4996	inf	inf	4.09632	0.721458	4.1	3.99904	
4.07394	1.39962	inf	inf	4.09632	0.721458	4.1	3.99904	
4.07632	1.29965	inf	inf	4.09632	0.721458	4.1	3.99904	
4.07898	1.19968	inf	inf	4.09632	0.721458	4.1	3.99904	
4.08194	1.09973	inf	inf	4.09632	0.721458	4.1	3.99904	
4.08521	0.99978	inf	inf	4.09632	0.721458	4.1	3.99904	
4.08881	0.899845	inf	inf	4.09632	0.721458	4.1	3.99904	
4.09277	0.799923	inf	inf	4.09632	0.721458	4.1	3.99904	
4.09632	0.721458	inf	inf	4.09632	0.721458	4.1	3.99904	
inf	inf	4	7	4.09632	0.721458	4	7	
inf	inf	4.00187	7.09998	4.09632	0.721458	4	7	
inf	inf	4.00522	7.19993	4.09632	0.721458	4	7	
inf	inf	4.06911	7.123	4.09632	0.721458	4	7	
4.72916	4.21945	inf	inf	7.80493	2.58699	4.72916	4.21945	
4.7493	4.1215	inf	inf	7.80493	2.58699	4.72916	4.21945	
4.77033	4.02374	inf	inf	7.80493	2.58699	4.72916	4.21945	
4.79209	3.92614	inf	inf	7.80493	2.58699	4.72916	4.21945	
4.81443	3.82866	inf	inf	7.80493	2.58699	4.72916	4.21945	
4.83715	3.73128	inf	inf	7.80493	2.58699	4.72916	4.21945	
4.86005	3.63394	inf	inf	7.80493	2.58699	4.72916	4.21945	
4.88289	3.53658	inf	inf	7.80493	2.58699	4.72916	4.21945	
4.90541	3.43915	inf	inf	7.80493	2.58699	4.72916	4.21945	
4.92729	3.34157	inf	inf	7.80493	2.58699	4.72916	4.21945	
4.9482	3.24378	inf	inf	7.80493	2.58699	4.72916	4.21945	
4.96778	3.14572	inf	inf	7.80493	2.58699	4.72916	4.21945	
4.98562	3.04732	inf	inf	7.80493	2.58699	4.72916	4.21945	
5.00157	2.9486	inf	inf	7.80493	2.58699	4.72916	4.21945	
5.03112	2.85307	inf	inf	7.80493	2.58699	4.72916	4.21945	
5.05162	2.75519	inf	inf	7.80493	2.58699	4.72916	4.21945	
5.06286	2.65582	inf	inf	7.80493	2.58699	4.72916	4.21945	
5.06695	2.55591	inf	inf	7.80493	2.58699	4.72916	4.21945	
5.06697	2.45591	inf	inf	7.80493	2.58699	4.72916	4.21945	
5.0649	2.35593	inf	inf	7.80493	2.58699	4.72916	4.21945	
5.06048	2.25603	inf	inf	7.80493	2.58699	4.72916	4.21945	
5.06253	2.15605	inf	inf	7.80493	2.58699	4.72916	4.21945	
inf	inf	5.22768	7.24509	7.80493	2.58699	5.22768	7.24509	
4.07185	1.4996	inf	inf	2.70272	1.49492	4.07185	1.4996	
3.97185	1.50016	inf	inf	2.70272	1.49492	4.07185	1.4996	
3.87185	1.50059	inf	inf	2.70272	1.49492	4.07185	1.4996	
3.77185	1.50088	inf	inf	2.70272	1.49492	4.07185	1.4996	
3.67185	1.50103	inf	inf	2.70272	1.49492	4.07185	1.4996	
3.57185	1.50104	inf	inf	2.70272	1.49492	4.07185	1.4996	
3.47185	1.50089	inf	inf	2.70272	1.49492	4.07185	1.4996	
3.37185	1.50059	inf	inf	2.70272	1.49492	4.07185	1.4996	
3.27185	1.50014	inf	inf	2.70272	1.49492	4.07185	1.4996	
3.17185	1.49954	inf	inf	2.70272	1.49492	4.07185	1.4996	
3.07186	1.4988	inf	inf	2.70272	1.49492	4.07185	1.4996	
2.97186	1.49791	inf	inf	2.70272	1.49492	4.07185	1.4996	
2.87187	1.49689	inf	inf	2.70272	1.49492	4.07185	1.4996	
2.77187	1.49576	inf	inf	2.70272	1.49492	4.07185	1.4996	
2.70272	1.49492	inf	inf	2.70272	1.49492	4.07185	1.4996	
inf	inf	4	7	2.70272	1.49492	4	7	
5.06253	2.15605	inf	inf	6.90011	1.30644	5.06253	2.15605	
5.09602	2.06182	inf	inf	6.90011	1.30644	5.06253	2.15605	
5.12781	1.96701	inf	inf	6.90011	1.30644	5.06253	2.15605	
5.15688	1.87133	inf	inf	6.90011	1.30644	5.06253	2.15605	
5.18197	1.77453	inf	inf	6.90011	1.30644	5.06253	2.15605	
5.20177	1.67651	inf	inf	6.90011	1.30644	5.06253	2.15605	
5.21547	1.57745	inf	inf	6.90011	1.30644	5.06253	2.15605	
5.22354	1.47778	inf	inf	6.90011	1.30644	5.06253	2.15605	
5.22768	1.37786	inf	inf	6.90011	1.30644	5.06253	2.15605	
5.22278	1.27798	inf	inf	6.90011	1.30644	5.06253	2.15605	
inf	inf	5.22768	7.24509	6.90011	1.30644	5.22768	7.24509	
5.20177	1.67651	inf	inf	6.55318	1.84869	5.20177	1.67651	
5.29246	1.71864	inf	inf	6.55318	1.84869	5.20177	1.67651	
5.29234	1.81864	inf	inf	6.55318	1.84869	5.20177	1.67651	
5.39051	1.83767	inf	inf	6.55318	1.84869	5.20177	1.67651	
inf	inf	5.22768	7.24509	6.55318	1.84869	5.22768	7.24509	
5.06253	2.15605	inf	inf	4.7748	2.10822	5.06253	2.15605	
4.96379	2.1402	inf	inf	4.7748	2.10822	5.06253	2.15605	
4.86516	2.12371	inf	inf	4.7748	2.10822	5.06253	2.15605	
4.7748	2.10822	inf	inf	4.7748	2.10822	5.06253	2.15605	
inf	inf	4	7	4.7748	2.10822	4	7	
4	4	inf	inf	0.325694	7.89257	4	4	
3.90277	3.97664	inf	inf	0.325694	7.89257	4	4	
3.80545	3.95362	inf	inf	0.325694	7.89257	4	4	
3.70806	3.93091	inf	inf	0.325694	7.89257	4	4	
3.61065	3.90833	inf	inf	0.325694	7.89257	4	4	
3.51339	3.88505	inf	inf	0.325694	7.89257	4	4	
3.41826	3.85424	inf	inf	0.325694	7.89257	4	4	
inf	inf	4.00522	7.19993	0.325694	7.89257	4.00522	7.19993	
inf	inf	3.9259	7.26083	0.325694	7.89257	4.00522	7.19993	
inf	inf	3.84187	7.31504	0.325694	7.89257	4.00522	7.19993	
inf	inf	3.75368	7.36218	0.325694	7.89257	4.00522	7.19993	
inf	inf	3.66196	7.40203	0.325694	7.89257	4.00522	7.19993	
inf	inf	3.56745	7.43469	0.325694	7.89257	4.00522	7.19993	
inf	inf	3.47086	7.46061	0.325694	7.89257	4.00522	7.19993	
inf	inf	3.37288	7.48061	0.325694	7.89257	4.00522	7.19993	
inf	inf	3.27404	7.49578	0.325694	7.89257	4.00522	7.19993	
inf	inf	3.17471	7.50733	0.325694	7.89257	4.00522	7.19993	
inf	inf	3.07513	7.51648	0.325694	7.89257	4.00522	7.19993	
inf	inf	2.97546	7.52459	0.325694	7.89257	4.00522	7.19993	
inf	inf	2.87599	7.53489	0.325694	7.89257	4.00522	7.19993	
2.97186	1.49791	inf	inf	2.93954	2.05255	2.97186	1.49791	
2.98432	1.59713	inf	inf	2.93954	2.05255	2.97186	1.49791	
2.98926	1.69701	inf	inf	2.93954	2.05255	2.97186	1.49791	
2.98678	1.79698	inf	inf	2.93954	2.05255	2.97186	1.49791	
2.97675	1.89647	inf	inf	2.93954	2.05255	2.97186	1.49791	
2.95855	1.9948	inf	inf	2.93954	2.05255	2.97186	1.49791	
2.93954	2.05255	inf	inf	2.93954	2.05255	2.97186	1.49791	
inf	inf	4	7	2.93954	2.05255	4	7	
5.22278	1.27798	inf	inf	7.46312	0.447279	5.22278	1.27798	
5.13731	1.22606	inf	inf	7.46312	0.447279	5.22278	1.27798	
5.08658	1.13988	inf	inf	7.46312	0.447279	5.22278	1.27798	
5.09145	1.04	inf	inf	7.46312	0.447279	5.22278	1.27798	
5.10877	0.941515	inf	inf	7.46312	0.447279	5.22278	1.27798	
5.09589	0.842348	inf	inf	7.46312	0.447279	5.22278	1.27798	
inf	inf	5.22768	7.24509	7.46312	0.447279	5.22768	7.24509	
3.41826	3.85424	inf	inf	1.45341	7.74169	3.41826	3.85424	
3.47336	3.93769	inf	inf	1.45341	7.74169	3.41826	3.85424	
3.50025	4.03401	inf	inf	1.45341	7.74169	3.41826	3.85424	
3.49931	4.13401	inf	inf	1.45341	7.74169	3.41826	3.85424	
3.48278	4.23263	inf	inf	1.45341	7.74169	3.41826	3.85424	
3.46025	4.33006	inf	inf	1.45341	7.74169	3.41826	3.85424	
3.43485	4.42678	inf	inf	1.45341	7.74169	3.41826	3.85424	
3.39216	4.51721	inf	inf	1.45341	7.74169	3.41826	3.85424	
inf	inf	2.87599	7.53489	1.45341	7.74169	2.87599	7.53489	
inf	inf	2.77744	7.55186	1.45341	7.74169	2.87599	7.53489	
inf	inf	2.68029	7.57557	1.45341	7.74169	2.87599	7.53489	
inf	inf	2.58249	7.59641	1.45341	7.74169	2.87599	7.53489	
inf	inf	2.48406	7.61409	1.45341	7.74169	2.87599	7.53489	
inf	inf	2.38522	7.62922	1.45341	7.74169	2.87599	7.53489	
inf	inf	2.28609	7.64239	1.45341	7.74169	2.87599	7.53489	
inf	inf	2.18678	7.65413	1.45341	7.74169	2.87599	7.53489	
inf	inf	2.08736	7.6649	1.45341	7.74169	2.87599	7.53489	
inf	inf	1.98789	7.67515	1.45341	7.74169	2.87599	7.53489	
inf	inf	1.8884	7.68529	1.45341	7.74169	2.87599	7.53489	
inf	inf	1.78895	7.69572	1.45341	7.74169	2.87599	7.53489	
inf	inf	1.68957	7.7069	1.45341	7.74169	2.87599	7.53489	
inf	inf	1.59035	7.71937	1.45341	7.74169	2.87599	7.53489	
inf	inf	1.49142	7.73395	1.45341	7.74169	2.87599	7.53489	
inf	inf	1.45341	7.74169	1.45341	7.74169	2.87599	7.53489	
5.22354	1.47778	inf	inf	5.40617	1.4771	5.22354	1.47778	
5.32354	1.47753	inf	inf	5.40617	1.4771	5.22354	1.47778	
5.40617	1.4771	inf	inf	5.40617	1.4771	5.22354	1.47778	
inf	inf	4	7	5.40617	1.4771	4	7	
4.06722	2.79954	inf	inf	3.70299	2.76473	4.06722	2.79954	
3.96797	2.78737	inf	inf	3.70299	2.76473	4.06722	2.79954	
3.86852	2.77689	inf	inf	3.70299	2.76473	4.06722	2.79954	
3.76889	2.76831	inf	inf	3.70299	2.76473	4.06722	2.79954	
3.70299	2.76473	inf	inf	3.70299	2.76473	4.06722	2.79954	
inf	inf	4	7	3.70299	2.76473	4	7	
2.70272	1.49492	inf	inf	0.294687	1.11771	2.70272	1.49492	
inf	inf	1.49142	7.73395	0.294687	1.11771	1.49142	7.73395	
inf	inf	1.45799	7.6397	0.294687	1.11771	1.49142	7.73395	
inf	inf	1.40035	7.55799	0.294687	1.11771	1.49142	7.73395	
inf	inf	1.31217	7.51082	0.294687	1.11771	1.49142	7.73395	
inf	inf	1.21304	7.49762	0.294687	1.11771	1.49142	7.73395	
inf	inf	1.11581	7.47427	0.294687	1.11771	1.49142	7.73395	
inf	inf	1.01938	7.44779	0.294687	1.11771	1.49142	7.73395	
inf	inf	0.923392	7.41974	0.294687	1.11771	1.49142	7.73395	
inf	inf	0.827519	7.39131	0.294687	1.11771	1.49142	7.73395	
inf	inf	0.731488	7.36341	0.294687	1.11771	1.49142	7.73395	
inf	inf	0.634945	7.33735	0.294687	1.11771	1.49142	7.73395	
inf	inf	0.543958	7.37883	0.294687	1.11771	1.49142	7.73395	
inf	inf	0.480907	7.45645	0.294687	1.11771	1.49142	7.73395	
inf	inf	0.436777	7.54619	0.294687	1.11771	1.49142	7.73395	
inf	inf	0.340772	7.51821	0.294687	1.11771	1.49142	7.73395	
5.39051	1.83767	inf	inf	7.49437	2.41462	5.39051	1.83767	
inf	inf	5.22768	7.24509	7.49437	2.41462	5.22768	7.24509	
2.70272	1.49492	inf	inf	0.609149	1.37358	2.70272	1.49492	
inf	inf	0.634945	7.33735	0.609149	1.37358	0.634945	7.33735	
2.70272	1.49492	inf	inf	0.391858	1.33671	2.70272	1.49492	
inf	inf	0.634945	7.33735	0.391858	1.33671	0.634945	7.33735	
3.41826	3.85424	inf	inf	2.70199	3.40855	3.41826	3.85424	
3.34384	3.78745	inf	inf	2.70199	3.40855	3.41826	3.85424	
3.2671	3.72333	inf	inf	2.70199	3.40855	3.41826	3.85424	
3.18791	3.66226	inf	inf	2.70199	3.40855	3.41826	3.85424	
3.10619	3.60463	inf	inf	2.70199	3.40855	3.41826	3.85424	
3.02182	3.55095	inf	inf	2.70199	3.40855	3.41826	3.85424	
2.93472	3.50181	inf	inf	2.70199	3.40855	3.41826	3.85424	
2.8448	3.45806	inf	inf	2.70199	3.40855	3.41826	3.85424	
2.75191	3.42104	inf	inf	2.70199	3.40855	3.41826	3.85424	
2.70199	3.40855	inf	inf	2.70199	3.40855	3.41826	3.85424	
inf	inf	4	7	2.70199	3.40855	4	7	
inf	inf	3.91026	7.04411	2.70199	3.40855	4	7	
inf	inf	3.81088	7.05529	2.70199	3.40855	4	7	
inf	inf	3.71144	7.04476	2.70199	3.40855	4	7	
inf	inf	3.61158	7.03949	2.70199	3.40855	4	7	
3.39216	4.51721	inf	inf	2.6744	5.34245	3.39216	4.51721	
3.32123	4.5877	inf	inf	2.6744	5.34245	3.39216	4.51721	
3.25229	4.66014	inf	inf	2.6744	5.34245	3.39216	4.51721	
3.18507	4.73417	inf	inf	2.6744	5.34245	3.39216	4.51721	
3.11925	4.80946	inf	inf	2.6744	5.34245	3.39216	4.51721	
3.05452	4.88568	inf	inf	2.6744	5.34245	3.39216	4.51721	
2.99054	4.96254	inf	inf	2.6744	5.34245	3.39216	4.51721	
2.92697	5.03973	inf	inf	2.6744	5.34245	3.39216	4.51721	
2.8635	5.11701	inf	inf	2.6744	5.34245	3.39216	4.51721	
2.7998	5.19409	inf	inf	2.6744	5.34245	3.39216	4.51721	
2.73553	5.2707	inf	inf	2.6744	5.34245	3.39216	4.51721	
2.6744	5.34245	inf	inf	2.6744	5.34245	3.39216	4.51721	
inf	inf	3.61158	7.03949	2.6744	5.34245	3.61158	7.03949	
inf	inf	3.54513	6.96476	2.6744	5.34245	3.61158	7.03949	
inf	inf	3.47303	6.89547	2.6744	5.34245	3.61158	7.03949	
inf	inf	3.39351	6.83483	2.6744	5.34245	3.61158	7.03949	
inf	inf	3.30446	6.78933	2.6744	5.34245	3.61158	7.03949	
inf	inf	3.20692	6.7673	2.6744	5.34245	3.61158	7.03949	
inf	inf	3.10899	6.74707	2.6744	5.34245	3.61158	7.03949	
2.6744	5.34245	inf	inf	2.07843	7.24021	2.6744	5.34245	
inf	inf	2.08736	7.6649	2.07843	7.24021	2.08736	7.6649	
inf	inf	2.08186	7.56505	2.07843	7.24021	2.08736	7.6649	
inf	inf	2.07806	7.46513	2.07843	7.24021	2.08736	7.6649	
inf	inf	2.07634	7.36514	2.07843	7.24021	2.08736	7.6649	
inf	inf	2.07703	7.26514	2.07843	7.24021	2.08736	7.6649	
inf	inf	2.07843	7.24021	2.07843	7.24021	2.08736	7.6649	
5.00157	2.9486	inf	inf	4.8771	2.90829	5.00157	2.9486	
4.90637	2.91798	inf	inf	4.8771	2.90829	5.00157	2.9486	
4.8771	2.90829	inf	inf	4.8771	2.90829	5.00157	2.9486	
inf	inf	4	7	4.8771	2.90829	4	7	
5.06286	2.65582	inf	inf	5.06241	2.63338	5.06286	2.65582	
5.06241	2.63338	inf	inf	5.06241	2.63338	5.06286	2.65582	
inf	inf	4	7	5.06241	2.63338	4	7	
4.80645	4.5091	inf	inf	7.48973	7.20969	4.80645	4.5091	
inf	inf	5.22768	7.24509	7.48973	7.20969	5.22768	7.24509	
2.6744	5.34245	inf	inf	4.19544	7.76537	2.6744	5.34245	
inf	inf	3.9259	7.26083	4.19544	7.76537	3.9259	7.26083	
inf	inf	3.97097	7.3501	4.19544	7.76537	3.9259	7.26083	
inf	inf	4.01744	7.43865	4.19544	7.76537	3.9259	7.26083	
inf	inf	4.065	7.52662	4.19544	7.76537	3.9259	7.26083	
inf	inf	4.11324	7.61421	4.19544	7.76537	3.9259	7.26083	
inf	inf	4.16164	7.70172	4.19544	7.76537	3.9259	7.26083	
inf	inf	4.19544	7.76537	4.19544	7.76537	3.9259	7.26083	
2.6744	5.34245	inf	inf	0.834254	6.42915	2.6744	5.34245	
inf	inf	0.634945	7.33735	0.834254	6.42915	0.634945	7.33735	
inf	inf	0.644622	7.23782	0.834254	6.42915	0.634945	7.33735	
inf	inf	0.661533	7.13926	0.834254	6.42915	0.634945	7.33735	
inf	inf	0.680419	7.04106	0.834254	6.42915	0.634945	7.33735	
inf	inf	0.701137	6.94323	0.834254	6.42915	0.634945	7.33735	
inf	inf	0.723775	6.84582	0.834254	6.42915	0.634945	7.33735	
inf	inf	0.748425	6.74891	0.834254	6.42915	0.634945	7.33735	
inf	inf	0.775122	6.65254	0.834254	6.42915	0.634945	7.33735	
inf	inf	0.801899	6.55619	0.834254	6.42915	0.634945	7.33735	
inf	inf	0.820733	6.45798	0.834254	6.42915	0.634945	7.33735	
inf	inf	0.834254	6.42915	0.834254	6.42915	0.634945	7.33735	
4.80645	4.5091	inf	inf	5.17521	7.71654	4.80645	4.5091	
4.71331	4.54548	inf	inf	5.17521	7.71654	4.80645	4.5091	
4.62314	4.58872	inf	inf	5.17521	7.71654	4.80645	4.5091	
4.53724	4.63993	inf	inf	5.17521	7.71654	4.80645	4.5091	
4.45458	4.69621	inf	inf	5.17521	7.71654	4.80645	4.5091	
4.38442	4.76746	inf	inf	5.17521	7.71654	4.80645	4.5091	
4.4805	4.73972	inf	inf	5.17521	7.71654	4.80645	4.5091	
inf	inf	5.13213	7.27458	5.17521	7.71654	5.13213	7.27458	
inf	inf	5.1229	7.37415	5.17521	7.71654	5.13213	7.27458	
inf	inf	5.12328	7.47415	5.17521	7.71654	5.13213	7.27458	
inf	inf	5.13389	7.57358	5.17521	7.71654	5.13213	7.27458	
inf	inf	5.15576	7.67116	5.17521	7.71654	5.13213	7.27458	
inf	inf	5.17521	7.71654	5.17521	7.71654	5.13213	7.27458	
5.40617	1.4771	inf	inf	7.64037	1.56572	5.40617	1.4771	
inf	inf	5.22768	7.24509	7.64037	1.56572	5.22768	7.24509	
4.80645	4.5091	inf	inf	6.52217	4.89639	4.80645	4.5091	
4.90141	4.47774	inf	inf	6.52217	4.89639	4.80645	4.5091	
4.99823	4.45274	inf	inf	6.52217	4.89639	4.80645	4.5091	
5.09667	4.43514	inf	inf	6.52217	4.89639	4.80645	4.5091	
5.19637	4.42738	inf	inf	6.52217	4.89639	4.80645	4.5091	
5.29534	4.4417	inf	inf	6.52217	4.89639	4.80645	4.5091	
5.20228	4.47831	inf	inf	6.52217	4.89639	4.80645	4.5091	
inf	inf	5.22768	7.24509	6.52217	4.89639	5.22768	7.24509	
inf	inf	5.13752	7.20184	6.52217	4.89639	5.22768	7.24509	
inf	inf	5.05416	7.14659	6.52217	4.89639	5.22768	7.24509	
inf	inf	4.97771	7.08214	6.52217	4.89639	5.22768	7.24509	
inf	inf	4.9067	7.01172	6.52217	4.89639	5.22768	7.24509	
inf	inf	4.82892	6.94887	6.52217	4.89639	5.22768	7.24509	
5.29534	4.4417	inf	inf	7.09397	6.25556	5.29534	4.4417	
inf	inf	5.22768	7.24509	7.09397	6.25556	5.22768	7.24509	
3.25229	4.66014	inf	inf	3.46007	4.81606	3.25229	4.66014	
3.33716	4.71303	inf	inf	3.46007	4.81606	3.25229	4.66014	
3.41709	4.77313	inf	inf	3.46007	4.81606	3.25229	4.66014	
3.46007	4.81606	inf	inf	3.46007	4.81606	3.25229	4.66014	
inf	inf	3.10899	6.74707	3.46007	4.81606	3.10899	6.74707	
5.29534	4.4417	inf	inf	7.03342	3.64757	5.29534	4.4417	
5.23344	4.36317	inf	inf	7.03342	3.64757	5.29534	4.4417	
5.19707	4.27002	inf	inf	7.03342	3.64757	5.29534	4.4417	
5.17758	4.17193	inf	inf	7.03342	3.64757	5.29534	4.4417	
5.16919	4.07229	inf	inf	7.03342	3.64757	5.29534	4.4417	
5.16817	3.97229	inf	inf	7.03342	3.64757	5.29534	4.4417	
5.17172	3.87235	inf	inf	7.03342	3.64757	5.29534	4.4417	
5.17741	3.77252	inf	inf	7.03342	3.64757	5.29534	4.4417	
5.18295	3.67267	inf	inf	7.03342	3.64757	5.29534	4.4417	
5.18624	3.57272	inf	inf	7.03342	3.64757	5.29534	4.4417	
5.1857	3.47272	inf	inf	7.03342	3.64757	5.29534	4.4417	
5.1809	3.37284	inf	inf	7.03342	3.64757	5.29534	4.4417	
5.17256	3.27319	inf	inf	7.03342	3.64757	5.29534	4.4417	
5.16047	3.17392	inf	inf	7.03342	3.64757	5.29534	4.4417	
inf	inf	4.82892	6.94887	7.03342	3.64757	4.82892	6.94887	
inf	inf	4.77936	7.03572	7.03342	3.64757	4.82892	6.94887	
inf	inf	4.70961	7.10738	7.03342	3.64757	4.82892	6.94887	
inf	inf	4.61544	7.14104	7.03342	3.64757	4.82892	6.94887	
inf	inf	4.58386	7.04615	7.03342	3.64757	4.82892	6.94887	
4.4805	4.73972	inf	inf	5.64397	7.22654	4.4805	4.73972	
4.5739	4.77544	inf	inf	5.64397	7.22654	4.4805	4.73972	
4.65148	4.83854	inf	inf	5.64397	7.22654	4.4805	4.73972	
4.67023	4.93677	inf	inf	5.64397	7.22654	4.4805	4.73972	
inf	inf	5.22768	7.24509	5.64397	7.22654	5.22768	7.24509	
inf	inf	5.32767	7.24619	5.64397	7.22654	5.22768	7.24509	
inf	inf	5.42763	7.24325	5.64397	7.22654	5.22768	7.24509	
inf	inf	5.52763	7.24345	5.64397	7.22654	5.22768	7.24509	
inf	inf	5.62712	7.23341	5.64397	7.22654	5.22768	7.24509	
inf	inf	5.64397	7.22654	5.64397	7.22654	5.22768	7.24509	
2.70272	1.49492	inf	inf	2.49348	0.457778	2.70272	1.49492	
2.75841	1.41186	inf	inf	2.49348	0.457778	2.70272	1.49492	
2.79354	1.31823	inf	inf	2.49348	0.457778	2.70272	1.49492	
2.81214	1.21998	inf	inf	2.49348	0.457778	2.70272	1.49492	
2.81695	1.12009	inf	inf	2.49348	0.457778	2.70272	1.49492	
2.80976	1.02035	inf	inf	2.49348	0.457778	2.70272	1.49492	
2.79175	0.921989	inf	inf	2.49348	0.457778	2.70272	1.49492	
2.76369	0.826005	inf	inf	2.49348	0.457778	2.70272	1.49492	
2.72604	0.733367	inf	inf	2.49348	0.457778	2.70272	1.49492	
2.67891	0.645169	inf	inf	2.49348	0.457778	2.70272	1.49492	
2.61991	0.564426	inf	inf	2.49348	0.457778	2.70272	1.49492	
2.54299	0.500524	inf	inf	2.49348	0.457778	2.70272	1.49492	
2.49348	0.457778	inf	inf	2.49348	0.457778	2.70272	1.49492	
inf	inf	0.834254	6.42915	2.49348	0.457778	0.834254	6.42915	
inf	inf	0.739643	6.39677	2.49348	0.457778	0.834254	6.42915	
inf	inf	0.647594	6.35769	2.49348	0.457778	0.834254	6.42915	
inf	inf	0.559635	6.31012	2.49348	0.457778	0.834254	6.42915	
inf	inf	0.47891	6.2511	2.49348	0.457778	0.834254	6.42915	
inf	inf	0.412176	6.17662	2.49348	0.457778	0.834254	6.42915	
inf	inf	0.370756	6.0856	2.49348	0.457778	0.834254	6.42915	
inf	inf	0.356869	5.98657	2.49348	0.457778	0.834254	6.42915	
inf	inf	0.355006	5.88659	2.49348	0.457778	0.834254	6.42915	
inf	inf	0.355861	5.78659	2.49348	0.457778	0.834254	6.42915	
inf	inf	0.357302	5.6866	2.49348	0.457778	0.834254	6.42915	
inf	inf	0.358925	5.58662	2.49348	0.457778	0.834254	6.42915	
inf	inf	0.360657	5.48663	2.49348	0.457778	0.834254	6.42915	
inf	inf	0.362494	5.38665	2.49348	0.457778	0.834254	6.42915	
inf	inf	0.364483	5.28667	2.49348	0.457778	0.834254	6.42915	
inf	inf	0.370362	5.18684	2.49348	0.457778	0.834254	6.42915	
inf	inf	0.390444	5.08888	2.49348	0.457778	0.834254	6.42915	
inf	inf	0.411549	4.99113	2.49348	0.457778	0.834254	6.42915	
inf	inf	0.432499	4.89335	2.49348	0.457778	0.834254	6.42915	
inf	inf	0.452616	4.79539	2.49348	0.457778	0.834254	6.42915	
inf	inf	0.471549	4.6972	2.49348	0.457778	0.834254	6.42915	
inf	inf	0.489153	4.59876	2.49348	0.457778	0.834254	6.42915	
inf	inf	0.50542	4.5001	2.49348	0.457778	0.834254	6.42915	
inf	inf	0.520421	4.40123	2.49348	0.457778	0.834254	6.42915	
inf	inf	0.534279	4.30219	2.49348	0.457778	0.834254	6.42915	
inf	inf	0.547142	4.20302	2.49348	0.457778	0.834254	6.42915	
inf	inf	0.559168	4.10375	2.49348	0.457778	0.834254	6.42915	
inf	inf	0.570517	4.0044	2.49348	0.457778	0.834254	6.42915	
inf	inf	0.581344	3.90498	2.49348	0.457778	0.834254	6.42915	
inf	inf	0.591793	3.80553	2.49348	0.457778	0.834254	6.42915	
inf	inf	0.602001	3.70605	2.49348	0.457778	0.834254	6.42915	
inf	inf	0.612092	3.60656	2.49348	0.457778	0.834254	6.42915	
inf	inf	0.622182	3.50707	2.49348	0.457778	0.834254	6.42915	
inf	inf	0.632374	3.40759	2.49348	0.457778	0.834254	6.42915	
inf	inf	0.642768	3.30814	2.49348	0.457778	0.834254	6.42915	
inf	inf	0.653453	3.20871	2.49348	0.457778	0.834254	6.42915	
inf	inf	0.664515	3.10932	2.49348	0.457778	0.834254	6.42915	
inf	inf	0.676037	3.00999	2.49348	0.457778	0.834254	6.42915	
inf	inf	0.688096	2.91072	2.49348	0.457778	0.834254	6.42915	
inf	inf	0.70077	2.81152	2.49348	0.457778	0.834254	6.42915	
inf	inf	0.714135	2.71242	2.49348	0.457778	0.834254	6.42915	
inf	inf	0.728267	2.61342	2.49348	0.457778	0.834254	6.42915	
inf	inf	0.743245	2.51455	2.49348	0.457778	0.834254	6.42915	
inf	inf	0.759146	2.41583	2.49348	0.457778	0.834254	6.42915	
inf	inf	0.776052	2.31726	2.49348	0.457778	0.834254	6.42915	
inf	inf	0.794043	2.2189	2.49348	0.457778	0.834254	6.42915	
inf	inf	0.813204	2.12075	2.49348	0.457778	0.834254	6.42915	
inf	inf	0.83362	2.02286	2.49348	0.457778	0.834254	6.42915	
inf	inf	0.855375	1.92525	2.49348	0.457778	0.834254	6.42915	
inf	inf	0.878552	1.82797	2.49348	0.457778	0.834254	6.42915	
inf	inf	0.903231	1.73107	2.49348	0.457778	0.834254	6.42915	
inf	inf	0.929484	1.63457	2.49348	0.457778	0.834254	6.42915	
inf	inf	0.95737	1.53854	2.49348	0.457778	0.834254	6.42915	
inf	inf	0.986925	1.44301	2.49348	0.457778	0.834254	6.42915	
inf	inf	1.01815	1.34801	2.49348	0.457778	0.834254	6.42915	
inf	inf	1.05099	1.25355	2.49348	0.457778	0.834254	6.42915	
inf	inf	1.08528	1.15962	2.49348	0.457778	0.834254	6.42915	
inf	inf	1.12036	1.06597	2.49348	0.457778	0.834254	6.42915	
inf	inf	1.13218	0.966674	2.49348	0.457778	0.834254	6.42915	
inf	inf	1.1557	0.869478	2.49348	0.457778	0.834254	6.42915	
inf	inf	1.19201	0.776302	2.49348	0.457778	0.834254	6.42915	
inf	inf	1.23456	0.685809	2.49348	0.457778	0.834254	6.42915	
inf	inf	1.16192	0.617085	2.49348	0.457778	0.834254	6.42915	
4.09632	0.721458	inf	inf	3.84167	0.136967	4.09632	0.721458	
4.05233	0.631649	inf	inf	3.84167	0.136967	4.09632	0.721458	
4.00958	0.54125	inf	inf	3.84167	0.136967	4.09632	0.721458	
3.96806	0.450275	inf	inf	3.84167	0.136967	4.09632	0.721458	
3.92788	0.358703	inf	inf	3.84167	0.136967	4.09632	0.721458	
3.88932	0.266438	inf	inf	3.84167	0.136967	4.09632	0.721458	
3.85307	0.173237	inf	inf	3.84167	0.136967	4.09632	0.721458	
3.84167	0.136967	inf	inf	3.84167	0.136967	4.09632	0.721458	
inf	inf	1.23456	0.685809	3.84167	0.136967	1.23456	0.685809	
inf	inf	1.13543	0.698934	3.84167	0.136967	1.23456	0.685809	
inf	inf	1.03764	0.719869	3.84167	0.136967	1.23456	0.685809	
inf	inf	0.941994	0.749046	3.84167	0.136967	1.23456	0.685809	
inf	inf	0.84889	0.785537	3.84167	0.136967	1.23456	0.685809	
inf	inf	0.756505	0.823812	3.84167	0.136967	1.23456	0.685809	
2.6744	5.34245	inf	inf	1.07938	5.26286	2.6744	5.34245	
inf	inf	0.390444	5.08888	1.07938	5.26286	0.390444	5.08888	
inf	inf	0.489926	5.07871	1.07938	5.26286	0.390444	5.08888	
inf	inf	0.589926	5.07885	1.07938	5.26286	0.390444	5.08888	
inf	inf	0.689294	5.09008	1.07938	5.26286	0.390444	5.08888	
inf	inf	0.786765	5.11242	1.07938	5.26286	0.390444	5.08888	
inf	inf	0.881152	5.14546	1.07938	5.26286	0.390444	5.08888	
inf	inf	0.971401	5.18853	1.07938	5.26286	0.390444	5.08888	
inf	inf	1.0563	5.24136	1.07938	5.26286	0.390444	5.08888	
inf	inf	1.07938	5.26286	1.07938	5.26286	0.390444	5.08888	
4.67023	4.93677	inf	inf	6.19257	7.4304	4.67023	4.93677	
inf	inf	5.64397	7.22654	6.19257	7.4304	5.64397	7.22654	
inf	inf	5.73058	7.27653	6.19257	7.4304	5.64397	7.22654	
inf	inf	5.82057	7.32014	6.19257	7.4304	5.64397	7.22654	
inf	inf	5.91327	7.35764	6.19257	7.4304	5.64397	7.22654	
inf	inf	6.00814	7.38925	6.19257	7.4304	5.64397	7.22654	
inf	inf	6.10477	7.415	6.19257	7.4304	5.64397	7.22654	
inf	inf	6.19257	7.4304	6.19257	7.4304	5.64397	7.22654	
5.29534	4.4417	inf	inf	7.50267	5.05045	5.29534	4.4417	
inf	inf	6.19257	7.4304	7.50267	5.05045	6.19257	7.4304	
inf	inf	6.2842	7.39035	7.50267	5.05045	6.19257	7.4304	
inf	inf	6.37801	7.35572	7.50267	5.05045	6.19257	7.4304	
inf	inf	6.4732	7.32508	7.50267	5.05045	6.19257	7.4304	
inf	inf	6.56928	7.29735	7.50267	5.05045	6.19257	7.4304	
inf	inf	6.66595	7.27175	7.50267	5.05045	6.19257	7.4304	
inf	inf	6.7636	7.2502	7.50267	5.05045	6.19257	7.4304	
inf	inf	6.85912	7.22061	7.50267	5.05045	6.19257	7.4304	
inf	inf	6.95254	7.18493	7.50267	5.05045	6.19257	7.4304	
inf	inf	7.04406	7.14463	7.50267	5.05045	6.19257	7.4304	
inf	inf	7.13397	7.10086	7.50267	5.05045	6.19257	7.4304	
inf	inf	7.22752	7.06553	7.50267	5.05045	6.19257	7.4304	
inf	inf	7.31952	7.02634	7.50267	5.05045	6.19257	7.4304	
inf	inf	7.40738	6.97858	7.50267	5.05045	6.19257	7.4304	
inf	inf	7.48779	6.91913	7.50267	5.05045	6.19257	7.4304	
inf	inf	7.54951	6.84045	7.50267	5.05045	6.19257	7.4304	
5.12781	1.96701	inf	inf	5.05631	1.96197	5.12781	1.96701	
5.05631	1.96197	inf	inf	5.05631	1.96197	5.12781	1.96701	
inf	inf	1.23456	0.685809	5.05631	1.96197	1.23456	0.685809	
4.06433	2.19955	inf	inf	3.86023	2.15973	4.06433	2.19955	
3.96633	2.17963	inf	inf	3.86023	2.15973	4.06433	2.19955	
3.86813	2.16077	inf	inf	3.86023	2.15973	4.06433	2.19955	
3.86023	2.15973	inf	inf	3.86023	2.15973	4.06433	2.19955	
inf	inf	1.08528	1.15962	3.86023	2.15973	1.08528	1.15962	
inf	inf	0.993901	1.20024	3.86023	2.15973	1.08528	1.15962	
inf	inf	0.928261	1.27569	3.86023	2.15973	1.08528	1.15962	
4.06854	2.89953	inf	inf	4.38905	2.8746	4.06854	2.89953	
4.168	2.88916	inf	inf	4.38905	2.8746	4.06854	2.89953	
4.26765	2.88076	inf	inf	4.38905	2.8746	4.06854	2.89953	
4.36746	2.87469	inf	inf	4.38905	2.8746	4.06854	2.89953	
4.38905	2.8746	inf	inf	4.38905	2.8746	4.06854	2.89953	
inf	inf	0.794043	2.2189	4.38905	2.8746	0.794043	2.2189	
inf	inf	0.880162	2.16807	4.38905	2.8746	0.794043	2.2189	
inf	inf	0.913774	2.07389	4.38905	2.8746	0.794043	2.2189	
2.49348	0.457778	inf	inf	1.53984	0.423597	2.49348	0.457778	
2.3935	0.459275	inf	inf	1.53984	0.423597	2.49348	0.457778	
2.2935	0.459634	inf	inf	1.53984	0.423597	2.49348	0.457778	
2.1935	0.458912	inf	inf	1.53984	0.423597	2.49348	0.457778	
2.09351	0.457126	inf	inf	1.53984	0.423597	2.49348	0.457778	
1.99356	0.454259	inf	inf	1.53984	0.423597	2.49348	0.457778	
1.89364	0.450259	inf	inf	1.53984	0.423597	2.49348	0.457778	
1.79377	0.445022	inf	inf	1.53984	0.423597	2.49348	0.457778	
1.69399	0.438378	inf	inf	1.53984	0.423597	2.49348	0.457778	
1.59435	0.430002	inf	inf	1.53984	0.423597	2.49348	0.457778	
1.53984	0.423597	inf	inf	1.53984	0.423597	2.49348	0.457778	
inf	inf	1.23456	0.685809	1.53984	0.423597	1.23456	0.685809	
inf	inf	1.29429	0.605607	1.53984	0.423597	1.23456	0.685809	
inf	inf	1.36284	0.532798	1.53984	0.423597	1.23456	0.685809	
inf	inf	1.44755	0.479661	1.53984	0.423597	1.23456	0.685809	
inf	inf	1.533	0.427709	1.53984	0.423597	1.23456	0.685809	
inf	inf	1.53984	0.423597	1.53984	0.423597	1.23456	0.685809	
